world: fdbfa46d-2cf2-465a-b5a0-8ab54ce5fc9b
world-name: world_arene_8
x: 2526.5
y: 100.0
z: 2497.5
yaw: 56.4044189453125
pitch: -0.9131386280059814
name: arene_jungle
lastowner: 22963942-ebae-36d3-bde6-175b1b729fe2
