world: fdbfa46d-2cf2-465a-b5a0-8ab54ce5fc9b
world-name: world_arene_8
x: 500.5
y: 107.0
z: 542.5
yaw: -179.76272583007812
pitch: 2.549903392791748
name: arene_china
lastowner: 22963942-ebae-36d3-bde6-175b1b729fe2
