world: fdbfa46d-2cf2-465a-b5a0-8ab54ce5fc9b
world-name: world_arene_8
x: 1000.5
y: 101.0
z: 1048.5
yaw: -179.81369018554688
pitch: -0.7501772046089172
name: arene_ferme
lastowner: 22963942-ebae-36d3-bde6-175b1b729fe2
