world: fdbfa46d-2cf2-465a-b5a0-8ab54ce5fc9b
world-name: world_arene_8
x: 58.5
y: 90.0
z: -58.5
yaw: -89.64191436767578
pitch: 2.9996633529663086
name: arene_plaine
lastowner: 22963942-ebae-36d3-bde6-175b1b729fe2
