world: fdbfa46d-2cf2-465a-b5a0-8ab54ce5fc9b
world-name: world_arene_8
x: 2000.5
y: 102.0
z: 1956.5
yaw: 0.10704071819782257
pitch: -1.0501905679702759
name: arene_manoir
lastowner: 22963942-ebae-36d3-bde6-175b1b729fe2
