world: fdbfa46d-2cf2-465a-b5a0-8ab54ce5fc9b
world-name: world_arene_8
x: 1509.451037139509
y: 103.0
z: 1463.65360783559
yaw: 12.99761962890625
pitch: 5.849573612213135
name: arene_phare
lastowner: 22963942-ebae-36d3-bde6-175b1b729fe2
