world: 2b3178f3-b8a9-4d93-a828-f97a3251293c
world-name: world
x: -15.698048121906384
y: 66.0
z: -16.494617758782155
yaw: 90.1292724609375
pitch: 7.049942493438721
name: cosmetic
lastowner: 22963942-ebae-36d3-bde6-175b1b729fe2
