world: fdbfa46d-2cf2-465a-b5a0-8ab54ce5fc9b
world-name: world_arene_8
x: -499.5
y: 101.0
z: -499.5
yaw: -89.4417724609375
pitch: 7.2641215324401855
name: duels
lastowner: 22963942-ebae-36d3-bde6-175b1b729fe2
