world: 9ed91857-079c-413f-bca6-40f57e2babc0
world-name: world_the_end
x: 311.5
y: 65.0
z: -24.5
yaw: 90.60022735595703
pitch: 0.29991263151168823
name: end
lastowner: 22963942-ebae-36d3-bde6-175b1b729fe2
