world: 88ebfc47-ed7d-4fc8-bd35-d17f23832ab1
world-name: world_build
x: -301.45431030861107
y: -60.0
z: 178.54183472519873
yaw: 179.79095458984375
pitch: 1.5920147895812988
name: event_dripstone
lastowner: b4e60029-729c-3a5c-9d6b-296823570a79
