world: 31b58102-b10f-4704-8a03-f7f16d88a560
world-name: world_nether
x: 0.5
y: 43.0
z: 0.5
yaw: 0.599884569644928
pitch: -1.35031259059906
name: nether
lastowner: 22963942-ebae-36d3-bde6-175b1b729fe2
