world: 2b3178f3-b8a9-4d93-a828-f97a3251293c
world-name: world
x: -3.6530479884239395
y: 66.0
z: 40.497539027439124
yaw: 90.12968444824219
pitch: 1.7999861240386963
name: panoplies
lastowner: 22963942-ebae-36d3-bde6-175b1b729fe2
