world: 04eb3831-4792-44b4-8fde-de84f60ed9ef
world-name: world_resources
x: 0.5
y: 69.0
z: 0.5
yaw: -179.8514862060547
pitch: 0.14962460100650787
name: resources
lastowner: 22963942-ebae-36d3-bde6-175b1b729fe2
