teleportenabled: true
teleportauto: false
godmode: false
muted: false
jailed: false
ip-address: 37.65.128.157
afk: false
socialspy: false
npc: false
powertoolsenabled: true
accepting-pay: true
baltop-exempt: false
timestamps:
  lastteleport: 1719144313459
  lastheal: 0
  mute: 0
  jail: 0
  onlinejail: 0
  logout: 1719144402514
  login: 1719144260509
  kits:
    base: 1713984186219
money: '863.325824999996428567'
last-account-name: usa09
lastlocation:
  world: 2b3178f3-b8a9-4d93-a828-f97a3251293c
  world-name: world
  x: -12.251277191192312
  y: 65.5
  z: -7.901195899932881
  yaw: -107.65106201171875
  pitch: 48.96839904785156
logoutlocation:
  world: 2b3178f3-b8a9-4d93-a828-f97a3251293c
  world-name: world
  x: 4984.375923148973
  y: -59.0
  z: -4993.967282337747
  yaw: -20.1595458984375
  pitch: 31.38251304626465
homes:
  bp:
    world: 2b3178f3-b8a9-4d93-a828-f97a3251293c
    world-name: world
    x: -4191.365093127611
    y: -59.0
    z: 2807.030730748771
    yaw: -22.72027587890625
    pitch: 22.179508209228516
  bpp:
    world: 2b3178f3-b8a9-4d93-a828-f97a3251293c
    world-name: world
    x: 2291.5815734575394
    y: -58.0
    z: -3328.5190342101337
    yaw: 44.868133544921875
    pitch: -0.5696651339530945
  bc:
    world: 2b3178f3-b8a9-4d93-a828-f97a3251293c
    world-name: world
    x: 4989.731009525897
    y: -62.0
    z: -5000.340567600054
    yaw: 168.10101318359375
    pitch: 34.3434944152832
