teleportenabled: true
teleportauto: false
godmode: false
muted: false
jailed: false
ip-address: 78.115.34.25
afk: false
socialspy: false
npc: false
powertoolsenabled: true
accepting-pay: true
baltop-exempt: false
timestamps:
  lastteleport: 1722936409415
  lastheal: 0
  mute: 0
  jail: 0
  onlinejail: 0
  logout: 1722937038875
  login: 1722936964015
money: '0.60909999999698242'
last-account-name: VynX_MC
logoutlocation:
  world: 2b3178f3-b8a9-4d93-a828-f97a3251293c
  world-name: world
  x: 8.062762464432298
  y: 66.0
  z: -13.312918301064792
  yaw: 65.7677993774414
  pitch: 5.022940158843994
lastlocation:
  world: 2b3178f3-b8a9-4d93-a828-f97a3251293c
  world-name: world
  x: -4991.364306680733
  y: -53.0
  z: 5000.579520895236
  yaw: 13.25640869140625
  pitch: 54.017208099365234
homes:
  farm:
    world: de5f0f85-e99d-43d1-8878-6124cbcd4c90
    world-name: world_resources
    x: 658.4938458396001
    y: -37.0
    z: 701.8072975001108
    yaw: 82.55868530273438
    pitch: 48.5799446105957
  bp:
    world: 2b3178f3-b8a9-4d93-a828-f97a3251293c
    world-name: world
    x: -4990.5
    y: -57.9375
    z: 5002.5
    yaw: 162.4542694091797
    pitch: 27.209928512573242
  spawner:
    world: 2b3178f3-b8a9-4d93-a828-f97a3251293c
    world-name: world
    x: -4981.5
    y: -22.0
    z: 4983.5
    yaw: 166.38038635253906
    pitch: 34.975093841552734
  escavateur:
    world: de5f0f85-e99d-43d1-8878-6124cbcd4c90
    world-name: world_resources
    x: 2013.332912568482
    y: 123.0000001
    z: -824.8656055954335
    yaw: 19.936227798461914
    pitch: 18.02039337158203
  ap:
    world: 2b3178f3-b8a9-4d93-a828-f97a3251293c
    world-name: world
    x: 125.5
    y: 317.0
    z: 289.5
    yaw: -114.17948150634766
    pitch: 22.018613815307617
  farmall:
    world: 2b3178f3-b8a9-4d93-a828-f97a3251293c
    world-name: world
    x: -4261.367431440489
    y: 270.0
    z: -3895.6900751708877
    yaw: 2.1664905548095703
    pitch: 44.23460388183594
