teleportenabled: true
teleportauto: false
godmode: false
muted: false
jailed: false
ip-address: 88.169.192.229
afk: false
socialspy: false
npc: false
powertoolsenabled: true
accepting-pay: true
baltop-exempt: false
timestamps:
  lastteleport: 1716737412174
  lastheal: 0
  mute: 0
  jail: 0
  onlinejail: 0
  logout: 1722273102223
  login: 1722273061871
  kits:
    base: 1716483273691
money: '1526.152099999993656838'
last-account-name: carboz2012
logoutlocation:
  world: 2b3178f3-b8a9-4d93-a828-f97a3251293c
  world-name: world
  x: 0.5
  y: 67.0
  z: 0.5
  yaw: 179.95802307128906
  pitch: -0.012681335210800171
lastlocation:
  world: 2b3178f3-b8a9-4d93-a828-f97a3251293c
  world-name: world
  x: -1806.2906627881084
  y: 29.0
  z: 2007.4867694806087
  yaw: -72.52253723144531
  pitch: 36.749725341796875
homes:
  home:
    world: 2b3178f3-b8a9-4d93-a828-f97a3251293c
    world-name: world
    x: -1806.4321102615513
    y: 29.0
    z: 2007.4992786974028
    yaw: -101.7725601196289
    pitch: 17.399995803833008
  farm:
    world: 2b3178f3-b8a9-4d93-a828-f97a3251293c
    world-name: world
    x: 1302.3940974916254
    y: -58.0
    z: 1524.5692480571922
    yaw: -116.61236572265625
    pitch: 85.94995880126953
  farm2:
    world: 2b3178f3-b8a9-4d93-a828-f97a3251293c
    world-name: world
    x: -1932.7514126226827
    y: 10.0
    z: 4980.538944259664
    yaw: -138.4073944091797
    pitch: 80.2499008178711
  s:
    world: 2b3178f3-b8a9-4d93-a828-f97a3251293c
    world-name: world
    x: -1851.487500011921
    y: 35.31048062896519
    z: 1795.300000011921
    yaw: 6.84515380859375
    pitch: 10.94974422454834
