teleportenabled: true
teleportauto: false
godmode: false
muted: false
jailed: false
ip-address: 91.169.122.229
afk: false
socialspy: false
npc: false
powertoolsenabled: true
accepting-pay: true
baltop-exempt: false
timestamps:
  lastteleport: 1717178393284
  lastheal: 0
  mute: 0
  jail: 0
  onlinejail: 0
  logout: 1717178480804
  login: 1717178134633
  kits:
    base: 1715817684774
    vip: 1717178362370
money: '557437.051624999958026950'
last-account-name: _Krisss_
lastlocation:
  world: 2b3178f3-b8a9-4d93-a828-f97a3251293c
  world-name: world
  x: 5003.179767952937
  y: -50.5
  z: 4985.3313415299535
  yaw: -60.73847579956055
  pitch: 19.90504264831543
logoutlocation:
  world: 2b3178f3-b8a9-4d93-a828-f97a3251293c
  world-name: world
  x: 9.699999988079071
  y: 67.0
  z: -16.30000001192093
  yaw: 56.24803924560547
  pitch: 11.13874626159668
homes:
  b2:
    world: 2b3178f3-b8a9-4d93-a828-f97a3251293c
    world-name: world
    x: -2493.699999988079
    y: 26.0
    z: -1901.6982524164425
    yaw: -0.24175943434238434
    pitch: 35.54988479614258
  or:
    world: 1969a7dc-662d-423e-86db-145ce51cb06b
    world-name: world_nether
    x: -6473.441478601433
    y: 239.0
    z: 626.4711619065264
    yaw: 84.7964859008789
    pitch: 61.800132751464844
  sable:
    world: 2b3178f3-b8a9-4d93-a828-f97a3251293c
    world-name: world
    x: -4028.730094523805
    y: 63.0
    z: -4813.169540402084
    yaw: 169.95724487304688
    pitch: 21.299152374267578
  fhome:
    world: 2b3178f3-b8a9-4d93-a828-f97a3251293c
    world-name: world
    x: 5000.314236555638
    y: -50.0
    z: 4983.494763120179
    yaw: -2.42559814453125
    pitch: 63.000885009765625
  nther:
    world: 1969a7dc-662d-423e-86db-145ce51cb06b
    world-name: world_nether
    x: -5808.432446332711
    y: 15.0
    z: -2863.4675432118793
    yaw: 90.48046875
    pitch: 9.38546371459961
  mine:
    world: 2b3178f3-b8a9-4d93-a828-f97a3251293c
    world-name: world
    x: 1666.2096648618945
    y: -54.0
    z: -305.5684719868683
    yaw: 97.8455810546875
    pitch: 22.34934425354004
