teleportenabled: true
teleportauto: false
godmode: false
muted: false
jailed: false
ip-address: 88.171.220.224
afk: false
socialspy: false
npc: false
powertoolsenabled: true
accepting-pay: true
baltop-exempt: false
timestamps:
  lastteleport: 1716028883967
  lastheal: 0
  mute: 0
  jail: 0
  onlinejail: 0
  logout: 1716124439774
  login: 1716124239953
  kits:
    base: 1715635650689
    vip: 1715978169672
money: '0.095124999819326856'
last-account-name: royer
lastlocation:
  world: 2b3178f3-b8a9-4d93-a828-f97a3251293c
  world-name: world
  x: 5003.521738874632
  y: -58.0
  z: 5005.119375644201
  yaw: -44.4610595703125
  pitch: 26.391653060913086
homes:
  totem:
    world: 2b3178f3-b8a9-4d93-a828-f97a3251293c
    world-name: world
    x: 139.80745552862464
    y: 65.0
    z: 167.56757595967036
    yaw: 132.84164428710938
    pitch: 47.422569274902344
  koth:
    world: 2b3178f3-b8a9-4d93-a828-f97a3251293c
    world-name: world
    x: -136.36335018487253
    y: 63.0
    z: -174.25657657730832
    yaw: -6.06899356842041
    pitch: 20.607566833496094
  bpot:
    world: 2b3178f3-b8a9-4d93-a828-f97a3251293c
    world-name: world
    x: -3567.3159978947087
    y: 24.0
    z: 2186.810888217893
    yaw: -53.231842041015625
    pitch: 13.32404613494873
  goldfarm:
    world: 1969a7dc-662d-423e-86db-145ce51cb06b
    world-name: world_nether
    x: -6472.300000011921
    y: 248.0
    z: 628.3433865845745
    yaw: 60.04840087890625
    pitch: 8.010016441345215
  chambre:
    world: 2b3178f3-b8a9-4d93-a828-f97a3251293c
    world-name: world
    x: 5002.284889837619
    y: -58.0
    z: 5002.094164908027
    yaw: 154.2888641357422
    pitch: 24.346467971801758
  nether:
    world: 1969a7dc-662d-423e-86db-145ce51cb06b
    world-name: world_nether
    x: -904.8939809853816
    y: 83.0
    z: -1023.3925820046079
    yaw: 144.32644653320312
    pitch: 24.47962188720703
logoutlocation:
  world: 2b3178f3-b8a9-4d93-a828-f97a3251293c
  world-name: world
  x: 1.828080714661597
  y: 65.67647087614428
  z: -29.867964733600427
  yaw: 87.7490234375
  pitch: 15.260613441467285
ignore:
- a2c9344f-841b-382b-b5a0-9248a71a156b
- 54b27c41-41df-3d2a-b5f7-dd0d4d62bdc4
