teleportenabled: true
teleportauto: false
godmode: false
muted: false
jailed: false
ip-address: 78.115.34.25
afk: false
socialspy: false
npc: false
powertoolsenabled: true
accepting-pay: true
baltop-exempt: false
timestamps:
  lastteleport: 1722617899693
  lastheal: 0
  mute: 0
  jail: 0
  onlinejail: 0
  logout: 1722619123407
  login: 1722617814453
  kits:
    base: 1718213301860
money: '0'
last-account-name: louist28400
lastlocation:
  world: de5f0f85-e99d-43d1-8878-6124cbcd4c90
  world-name: world_resources
  x: -498.3214226340483
  y: -42.0
  z: -2360.582218067486
  yaw: -27.116302490234375
  pitch: 27.647212982177734
logoutlocation:
  world: 2b3178f3-b8a9-4d93-a828-f97a3251293c
  world-name: world
  x: 8.055685958586519
  y: 66.0
  z: -12.994059181066019
  yaw: 168.429931640625
  pitch: 23.832515716552734
homes:
  farm:
    world: de5f0f85-e99d-43d1-8878-6124cbcd4c90
    world-name: world_resources
    x: 657.0922115358803
    y: -37.0
    z: 700.3000000119209
    yaw: -0.6300048828125
    pitch: 34.9539909362793
  bp:
    world: 2b3178f3-b8a9-4d93-a828-f97a3251293c
    world-name: world
    x: -4990.5
    y: -57.9999999
    z: 5002.5
    yaw: 176.4599609375
    pitch: 28.288206100463867
  spawners:
    world: 2b3178f3-b8a9-4d93-a828-f97a3251293c
    world-name: world
    x: -4980.300000011921
    y: -22.0
    z: 4981.300000011921
    yaw: 83.45895385742188
    pitch: 20.94780158996582
  farmall:
    world: 2b3178f3-b8a9-4d93-a828-f97a3251293c
    world-name: world
    x: -4256.571325143986
    y: 270.0
    z: -3902.3159400621353
    yaw: 169.05450439453125
    pitch: 47.997154235839844
  escavateur:
    world: de5f0f85-e99d-43d1-8878-6124cbcd4c90
    world-name: world_resources
    x: 2012.329148079646
    y: 123.0
    z: -824.1248172107586
    yaw: 141.5458984375
    pitch: 20.635658264160156
  ap:
    world: 2b3178f3-b8a9-4d93-a828-f97a3251293c
    world-name: world
    x: 121.33688832076076
    y: 317.0
    z: 290.1683991577819
    yaw: -94.3328857421875
    pitch: 66.74683380126953
