teleportenabled: true
teleportauto: false
godmode: false
muted: false
jailed: false
ip-address: 91.160.185.133
afk: false
socialspy: false
npc: false
powertoolsenabled: true
accepting-pay: true
baltop-exempt: false
timestamps:
  lastteleport: 1718487933815
  lastheal: 0
  mute: 0
  jail: 0
  onlinejail: 0
  logout: 1718487995189
  login: 1718482074967
  kits:
    base: 1716631307621
    vip: 1718487819959
money: '988087.684974999846209807'
last-account-name: crazyshoot
lastlocation:
  world: 2b3178f3-b8a9-4d93-a828-f97a3251293c
  world-name: world
  x: 5002.06236076575
  y: -33.0
  z: -4995.9801333115765
  yaw: 155.359130859375
  pitch: 21.750164031982422
homes:
  alibaba:
    world: 2b3178f3-b8a9-4d93-a828-f97a3251293c
    world-name: world
    x: 499.5
    y: -48.9999999
    z: 2539.5
    yaw: -178.7123260498047
    pitch: 30.149412155151367
  facferme:
    world: 2b3178f3-b8a9-4d93-a828-f97a3251293c
    world-name: world
    x: -1922.9054663880922
    y: 10.0
    z: 4984.00673848312
    yaw: 96.64327239990234
    pitch: 31.350168228149414
  dessusbase:
    world: 2b3178f3-b8a9-4d93-a828-f97a3251293c
    world-name: world
    x: -5002.699999988079
    y: 60.0
    z: 3805.300000011921
    yaw: -31.38941764831543
    pitch: 25.19942855834961
  chambre:
    world: 2b3178f3-b8a9-4d93-a828-f97a3251293c
    world-name: world
    x: 4987.235092490102
    y: -50.0
    z: 4989.773084891443
    yaw: -89.21737670898438
    pitch: 34.276206970214844
  connerie:
    world: 2b3178f3-b8a9-4d93-a828-f97a3251293c
    world-name: world
    x: -9.300000011920929
    y: 66.0
    z: -354.5791176309819
    yaw: 119.38502502441406
    pitch: -88.34998321533203
logoutlocation:
  world: 2b3178f3-b8a9-4d93-a828-f97a3251293c
  world-name: world
  x: 4987.5
  y: -49.9999999
  z: 4989.5
  yaw: -81.41761779785156
  pitch: 26.47616195678711
