teleportenabled: true
teleportauto: false
godmode: false
muted: false
jailed: false
ip-address: 37.67.149.167
afk: false
socialspy: false
npc: false
powertoolsenabled: true
accepting-pay: true
baltop-exempt: false
timestamps:
  lastteleport: 1718975325344
  lastheal: 0
  mute: 0
  jail: 0
  onlinejail: 0
  logout: 1720810668174
  login: 1720810637822
  kits:
    base: 1715190615004
money: '359591.180824999968603664'
last-account-name: 1NainSpecteur
logoutlocation:
  world: 2b3178f3-b8a9-4d93-a828-f97a3251293c
  world-name: world
  x: 0.5
  y: 67.00000019999999
  z: 0.5
  yaw: 179.8795928955078
  pitch: -0.16954933106899261
lastlocation:
  world: 2b3178f3-b8a9-4d93-a828-f97a3251293c
  world-name: world
  x: 4997.017006941352
  y: -41.0
  z: 4980.186051255194
  yaw: 50.650848388671875
  pitch: 5.3264312744140625
homes:
  farm:
    world: 2b3178f3-b8a9-4d93-a828-f97a3251293c
    world-name: world
    x: -1919.151306158036
    y: 10.0
    z: 4996.533990655429
    yaw: -172.78143310546875
    pitch: 12.742504119873047
  b2:
    world: 2b3178f3-b8a9-4d93-a828-f97a3251293c
    world-name: world
    x: 4987.749823966658
    y: -50.0
    z: 4986.542724226387
    yaw: -178.92562866210938
    pitch: 24.154220581054688
  b:
    world: 2b3178f3-b8a9-4d93-a828-f97a3251293c
    world-name: world
    x: -5001.663708362848
    y: -49.0
    z: 3860.351793165575
    yaw: 124.09053039550781
    pitch: 74.82029724121094
  v:
    world: 2b3178f3-b8a9-4d93-a828-f97a3251293c
    world-name: world
    x: -4345.715452617876
    y: 98.0
    z: 4298.0319694916
    yaw: -90.01962280273438
    pitch: 16.899539947509766
  cit_:
    world: 3fc97b6a-ed7a-48f2-b37d-39c84ba50d3d
    world-name: world_resources
    x: 199.73244796485866
    y: -50.0
    z: 2970.91801945956
    yaw: -164.04583740234375
    pitch: 24.480152130126953
