teleportenabled: true
teleportauto: false
godmode: false
muted: false
jailed: false
ip-address: 90.52.169.183
afk: false
socialspy: false
npc: false
powertoolsenabled: true
accepting-pay: true
baltop-exempt: false
timestamps:
  lastteleport: 1719896166961
  lastheal: 0
  mute: 0
  jail: 0
  onlinejail: 0
  logout: 1719897424017
  login: 1719895986711
  kits:
    base: 1717130381755
    vip: 1718605502864
money: '2462398.034849999166467889644966006'
last-account-name: ophsly
lastlocation:
  world: 2b3178f3-b8a9-4d93-a828-f97a3251293c
  world-name: world
  x: 4988.811620074662
  y: -43.799999952316284
  z: 5001.4734197441685
  yaw: -97.1673583984375
  pitch: 19.42622184753418
logoutlocation:
  world: 2b3178f3-b8a9-4d93-a828-f97a3251293c
  world-name: world
  x: 2545.371894209804
  y: 26.0
  z: -1714.2750409657629
  yaw: -4.983314514160156
  pitch: 10.349621772766113
homes:
  b:
    world: 2b3178f3-b8a9-4d93-a828-f97a3251293c
    world-name: world
    x: 579.5050961289561
    y: 200.0
    z: -1796.4691131873
    yaw: 4.913638591766357
    pitch: 77.40000915527344
  a:
    world: 2b3178f3-b8a9-4d93-a828-f97a3251293c
    world-name: world
    x: 2541.6667977109923
    y: 26.0
    z: -1700.2592739368213
    yaw: -165.33541870117188
    pitch: 11.849823951721191
  x:
    world: 2b3178f3-b8a9-4d93-a828-f97a3251293c
    world-name: world
    x: -1920.469707066943
    y: 10.0
    z: 4984.428026065899
    yaw: 98.8983154296875
    pitch: 24.750478744506836
  bc:
    world: 2b3178f3-b8a9-4d93-a828-f97a3251293c
    world-name: world
    x: -4998.577167412219
    y: -49.0
    z: 3867.5943657229277
    yaw: 176.83624267578125
    pitch: 61.54485321044922
  w:
    world: 2b3178f3-b8a9-4d93-a828-f97a3251293c
    world-name: world
    x: 4986.4771932131825
    y: -50.0
    z: 4986.3162777664165
    yaw: 103.53082275390625
    pitch: 59.47621536254883
