teleportenabled: true
teleportauto: false
godmode: false
muted: false
jailed: false
ip-address: 82.66.206.123
afk: false
socialspy: false
npc: false
powertoolsenabled: true
accepting-pay: true
baltop-exempt: false
timestamps:
  lastteleport: 1720700464920
  lastheal: 0
  mute: 0
  jail: 0
  onlinejail: 0
  logout: 1721767058762
  login: 1721767019607
  kits:
    base: 1714226408403
    vip: 1716632107177
money: '13028.527250000047642136'
last-account-name: Phenix21160
logoutlocation:
  world: 2b3178f3-b8a9-4d93-a828-f97a3251293c
  world-name: world
  x: -6.271696324499758
  y: 66.0
  z: 7.136127917082783
  yaw: 155.65211486816406
  pitch: 20.08720588684082
lastlocation:
  world: 2b3178f3-b8a9-4d93-a828-f97a3251293c
  world-name: world
  x: 4977.5283105026265
  y: -58.0
  z: 4978.755132810596
  yaw: -129.244873046875
  pitch: 9.153498649597168
homes:
  totem:
    world: 2b3178f3-b8a9-4d93-a828-f97a3251293c
    world-name: world
    x: 159.62390284505597
    y: 64.0
    z: 186.96613629407727
    yaw: 30.706871032714844
    pitch: 8.537439346313477
  or:
    world: 1969a7dc-662d-423e-86db-145ce51cb06b
    world-name: world_nether
    x: -6473.4673341689095
    y: 239.0
    z: 626.3028050276318
    yaw: 4.098388671875
    pitch: 69.14988708496094
  ferme:
    world: 2b3178f3-b8a9-4d93-a828-f97a3251293c
    world-name: world
    x: 1118.3273277513952
    y: 107.0
    z: 1277.2421453301838
    yaw: -23.532060623168945
    pitch: 26.100074768066406
  fer:
    world: 2b3178f3-b8a9-4d93-a828-f97a3251293c
    world-name: world
    x: 2352.205923784638
    y: -59.0
    z: -2624.9054357273517
    yaw: 5.156494140625
    pitch: 30.149003982543945
  chambre:
    world: 2b3178f3-b8a9-4d93-a828-f97a3251293c
    world-name: world
    x: 4988.70303967907
    y: -57.0
    z: 4985.671640554902
    yaw: 14.905029296875
    pitch: 22.203502655029297
  anarchiste:
    world: 2b3178f3-b8a9-4d93-a828-f97a3251293c
    world-name: world
    x: -784.5
    y: 63.0000001
    z: 3432.5
    yaw: 138.55508422851562
    pitch: -60.29984664916992
